1589039333; 1; 32553; 140651176408832; 416; -1; IWANT
1589039333; 1; 32552; 140106737084160; 416; 1; IAMIN
1589039333; 2; 32553; 140651176408832; 203; -1; IWANT
1589039333; 2; 32552; 140106728691456; 203; 2; IAMIN
1589039333; 3; 32553; 140651176408832; 529; -1; IWANT
1589039333; 3; 32552; 140106720298752; 529; 3; IAMIN
1589039333; 4; 32553; 140651176408832; 763; -1; IWANT
1589039333; 4; 32552; 140106711906048; 763; 4; IAMIN
1589039333; 5; 32553; 140651176408832; 542; -1; IWANT
1589039333; 5; 32552; 140106703513344; 542; 5; IAMIN
1589039333; 6; 32553; 140651176408832; 886; -1; IWANT
1589039333; 6; 32552; 140106695120640; 886; 6; IAMIN
1589039333; 7; 32553; 140651176408832; 329; -1; IWANT
1589039333; 7; 32552; 140106728691456; 329; 7; IAMIN
1589039333; 8; 32553; 140651176408832; 664; -1; IWANT
1589039333; 8; 32552; 140106686727936; 664; 8; IAMIN
1589039333; 9; 32553; 140651176408832; 858; -1; IWANT
1589039333; 9; 32552; 140106678335232; 858; 9; IAMIN
1589039333; 10; 32553; 140651176408832; 719; -1; IWANT
1589039333; 10; 32552; 140106195269376; 719; 10; IAMIN
1589039333; 11; 32553; 140651176408832; 674; -1; IWANT
1589039333; 11; 32552; 140106737084160; 674; 11; IAMIN
1589039333; 12; 32553; 140651176408832; 958; -1; IWANT
1589039333; 12; 32552; 140106186876672; 958; 12; IAMIN
1589039333; 13; 32553; 140651176408832; 759; -1; IWANT
1589039333; 13; 32552; 140106178483968; 759; 13; IAMIN
1589039333; 14; 32553; 140651176408832; 430; -1; IWANT
1589039333; 14; 32552; 140106170091264; 430; 14; IAMIN
1589039333; 15; 32553; 140651176408832; 993; -1; IWANT
1589039333; 15; 32552; 140106720298752; 993; 15; IAMIN
1589039333; 16; 32553; 140651176408832; 261; -1; IWANT
1589039333; 16; 32552; 140106728691456; 261; 16; IAMIN
1589039333; 17; 32553; 140651176408832; 959; -1; IWANT
1589039333; 17; 32552; 140106703513344; 959; 17; IAMIN
1589039333; 18; 32553; 140651176408832; 944; -1; IWANT
1589039333; 18; 32552; 140106161698560; 944; 18; IAMIN
1589039333; 19; 32553; 140651176408832; 704; -1; IWANT
1589039333; 19; 32552; 140106153305856; 704; 19; IAMIN
1589039333; 20; 32553; 140651176408832; 485; -1; IWANT
1589039333; 20; 32552; 140106144913152; 485; 20; IAMIN
1589039334; 21; 32553; 140651176408832; 744; -1; IWANT
1589039334; 21; 32552; 140106711906048; 744; 21; IAMIN
1589039334; 22; 32553; 140651176408832; 977; -1; IWANT
1589039334; 22; 32552; 140105591289600; 977; 22; IAMIN
1589039334; 23; 32553; 140651176408832; 317; -1; IWANT
1589039334; 23; 32552; 140106686727936; 317; 23; IAMIN
1589039334; 24; 32553; 140651176408832; 710; -1; IWANT
1589039334; 24; 32552; 140106170091264; 710; 24; IAMIN
1589039334; 25; 32553; 140651176408832; 638; -1; IWANT
1589039334; 25; 32552; 140106728691456; 638; 25; IAMIN
1589039334; 26; 32553; 140651176408832; 607; -1; IWANT
1589039334; 26; 32552; 140106195269376; 607; 26; IAMIN
1589039334; 27; 32553; 140651176408832; 982; -1; IWANT
1589039334; 27; 32552; 140106737084160; 982; 27; IAMIN
1589039334; 28; 32553; 140651176408832; 726; -1; IWANT
1589039334; 28; 32552; 140106695120640; 726; 28; IAMIN
1589039334; 29; 32553; 140651176408832; 484; -1; IWANT
1589039334; 29; 32552; 140106678335232; 484; 29; IAMIN
1589039334; 30; 32553; 140651176408832; 502; -1; IWANT
1589039334; 30; 32552; 140106178483968; 502; 30; IAMIN
1589039334; 31; 32553; 140651176408832; 696; -1; IWANT
1589039334; 31; 32552; 140106686727936; 696; 31; IAMIN
1589039334; 32; 32553; 140651176408832; 592; -1; IWANT
1589039334; 32; 32552; 140106144913152; 592; 32; IAMIN
1589039334; 33; 32553; 140651176408832; 980; -1; IWANT
1589039334; 33; 32552; 140105582896896; 980; 33; IAMIN
1589039334; 34; 32553; 140651176408832; 400; -1; IWANT
1589039334; 34; 32552; 140106186876672; 400; 34; IAMIN
1589039334; 35; 32553; 140651176408832; 948; -1; IWANT
1589039334; 35; 32552; 140106153305856; 948; 35; IAMIN
1589039334; 36; 32553; 140651176408832; 634; -1; IWANT
1589039334; 36; 32552; 140105574504192; 634; 36; IAMIN
1589039334; 37; 32553; 140651176408832; 856; -1; IWANT
1589039334; 37; 32552; 140105566111488; 856; 37; IAMIN
1589039334; 38; 32553; 140651176408832; 471; -1; IWANT
1589039334; 38; 32552; 140106711906048; 471; 38; IAMIN
1589039334; 39; 32553; 140651176408832; 956; -1; IWANT
1589039334; 39; 32552; 140106703513344; 956; 39; IAMIN
1589039334; 40; 32553; 140651176408832; 853; -1; IWANT
1589039334; 40; 32552; 140106170091264; 853; 40; IAMIN
1589039334; 41; 32553; 140651176408832; 315; -1; IWANT
1589039334; 41; 32552; 140106678335232; 315; 41; IAMIN
1589039334; 42; 32553; 140651176408832; 610; -1; IWANT
1589039334; 42; 32552; 140106178483968; 610; 42; IAMIN
1589039334; 43; 32553; 140651176408832; 281; -1; IWANT
1589039334; 43; 32552; 140106186876672; 281; 43; IAMIN
1589039335; 44; 32553; 140651176408832; 742; -1; IWANT
1589039335; 44; 32552; 140105591289600; 742; 44; IAMIN
1589039335; 45; 32553; 140651176408832; 997; -1; IWANT
1589039335; 45; 32552; 140106695120640; 997; 45; IAMIN
1589039335; 46; 32553; 140651176408832; 395; -1; IWANT
1589039335; 46; 32552; 140106144913152; 395; 46; IAMIN
1589039335; 47; 32553; 140651176408832; 960; -1; IWANT
1589039335; 47; 32552; 140106686727936; 960; 47; IAMIN
1589039335; 48; 32553; 140651176408832; 253; -1; IWANT
1589039335; 48; 32552; 140106195269376; 253; 48; IAMIN
1589039335; 49; 32553; 140651176408832; 676; -1; IWANT
1589039335; 49; 32552; 140106737084160; 676; 49; IAMIN
1589039335; 50; 32553; 140651176408832; 880; -1; IWANT
1589039335; 50; 32552; 140105574504192; 880; 50; IAMIN
1589039335; 51; 32553; 140651176408832; 938; -1; IWANT
1589039335; 51; 32552; 140106186876672; 938; 51; IAMIN
1589039335; 52; 32553; 140651176408832; 221; -1; IWANT
1589039335; 52; 32552; 140106711906048; 221; 52; IAMIN
1589039335; 53; 32553; 140651176408832; 478; -1; IWANT
1589039335; 53; 32552; 140106678335232; 478; 53; IAMIN
1589039335; 54; 32553; 140651176408832; 672; -1; IWANT
1589039335; 54; 32552; 140106195269376; 672; 54; IAMIN
1589039335; 55; 32553; 140651176408832; 826; -1; IWANT
1589039335; 55; 32552; 140106144913152; 826; 55; IAMIN
1589039335; 56; 32553; 140651176408832; 733; -1; IWANT
1589039335; 56; 32552; 140105566111488; 733; 56; IAMIN
1589039335; 57; 32553; 140651176408832; 689; -1; IWANT
1589039335; 57; 32552; 140106711906048; 689; 57; IAMIN
1589039335; 58; 32553; 140651176408832; 590; -1; IWANT
1589039335; 58; 32552; 140106153305856; 590; 58; IAMIN
1589039335; 59; 32553; 140651176408832; 384; -1; IWANT
1589039335; 59; 32552; 140106170091264; 384; 59; IAMIN
1589039335; 60; 32553; 140651176408832; 687; -1; IWANT
1589039335; 60; 32552; 140106703513344; 687; 60; IAMIN
1589039335; 61; 32553; 140651176408832; 728; -1; IWANT
1589039335; 61; 32552; 140105591289600; 728; 61; IAMIN
1589039335; 62; 32553; 140651176408832; 779; -1; IWANT
1589039335; 62; 32552; 140106178483968; 779; 62; IAMIN
1589039335; 63; 32553; 140651176408832; 222; -1; IWANT
1589039335; 63; 32552; 140105582896896; 222; 63; IAMIN
1589039335; 64; 32553; 140651176408832; 532; -1; IWANT
1589039335; 64; 32552; 140106737084160; 532; 64; IAMIN
1589039336; 65; 32553; 140651176408832; 637; -1; IWANT
1589039336; 65; 32552; 140106678335232; 637; 65; IAMIN
1589039336; 66; 32553; 140651176408832; 227; -1; IWANT
1589039336; 66; 32552; 140106728691456; 227; 66; IAMIN
1589039336; 67; 32553; 140651176408832; 279; -1; IWANT
1589039336; 67; 32552; 140106695120640; 279; 67; IAMIN
1589039336; 68; 32553; 140651176408832; 722; -1; IWANT
1589039336; 68; 32552; 140105582896896; 722; 68; IAMIN
1589039336; 69; 32553; 140651176408832; 445; -1; IWANT
1589039336; 69; 32552; 140105574504192; 445; 69; IAMIN
1589039336; 70; 32553; 140651176408832; 695; -1; IWANT
1589039336; 70; 32552; 140106195269376; 695; 70; IAMIN
1589039336; 71; 32553; 140651176408832; 623; -1; IWANT
1589039336; 71; 32552; 140106153305856; 623; 71; IAMIN
1589039336; 72; 32553; 140651176408832; 564; -1; IWANT
1589039336; 72; 32552; 140106186876672; 564; 72; IAMIN
1589039336; 73; 32553; 140651176408832; 476; -1; IWANT
1589039336; 73; 32552; 140106711906048; 476; 73; IAMIN
1589039336; 74; 32553; 140651176408832; 786; -1; IWANT
1589039336; 74; 32552; 140106695120640; 786; 74; IAMIN
1589039336; 75; 32553; 140651176408832; 638; -1; IWANT
1589039336; 75; 32552; 140106144913152; 638; 75; IAMIN
1589039336; 76; 32553; 140651176408832; 746; -1; IWANT
1589039336; 76; 32552; 140106737084160; 746; 76; IAMIN
1589039336; 77; 32553; 140651176408832; 708; -1; IWANT
1589039336; 77; 32552; 140106703513344; 708; 77; IAMIN
1589039336; 78; 32553; 140651176408832; 407; -1; IWANT
1589039336; 78; 32552; 140105591289600; 407; 78; IAMIN
1589039336; 79; 32553; 140651176408832; 358; -1; IWANT
1589039336; 79; 32552; 140105574504192; 358; 79; IAMIN
1589039336; 80; 32553; 140651176408832; 333; -1; IWANT
1589039336; 80; 32552; 140106678335232; 333; 80; IAMIN
1589039336; 81; 32553; 140651176408832; 856; -1; IWANT
1589039336; 81; 32552; 140106178483968; 856; 81; IAMIN
1589039336; 82; 32553; 140651176408832; 723; -1; IWANT
1589039336; 82; 32552; 140105566111488; 723; 82; IAMIN
1589039336; 83; 32553; 140651176408832; 665; -1; IWANT
1589039336; 83; 32552; 140106728691456; 665; 83; IAMIN
1589039336; 84; 32553; 140651176408832; 396; -1; IWANT
1589039336; 84; 32552; 140106711906048; 396; 84; IAMIN
1589039336; 85; 32553; 140651176408832; 543; -1; IWANT
1589039336; 85; 32552; 140106153305856; 543; 85; IAMIN
1589039336; 86; 32553; 140651176408832; 981; -1; IWANT
1589039336; 86; 32552; 140106195269376; 981; 86; IAMIN
1589039337; 87; 32553; 140651176408832; 576; -1; IWANT
1589039337; 87; 32552; 140105591289600; 576; 87; IAMIN
1589039337; 88; 32553; 140651176408832; 630; -1; IWANT
1589039337; 88; 32552; 140106678335232; 630; 88; IAMIN
1589039337; 89; 32553; 140651176408832; 851; -1; IWANT
1589039337; 89; 32552; 140106144913152; 851; 89; IAMIN
1589039337; 90; 32553; 140651176408832; 416; -1; IWANT
1589039337; 90; 32552; 140105574504192; 416; 90; IAMIN
1589039337; 91; 32553; 140651176408832; 242; -1; IWANT
1589039337; 91; 32552; 140106695120640; 242; 91; IAMIN
1589039337; 92; 32553; 140651176408832; 207; -1; IWANT
1589039337; 92; 32552; 140106186876672; 207; 92; IAMIN
1589039337; 93; 32553; 140651176408832; 489; -1; IWANT
1589039337; 93; 32552; 140106711906048; 489; 93; IAMIN
1589039337; 94; 32553; 140651176408832; 737; -1; IWANT
1589039337; 94; 32552; 140106703513344; 737; 94; IAMIN
1589039337; 95; 32553; 140651176408832; 858; -1; IWANT
1589039337; 95; 32552; 140106737084160; 858; 95; IAMIN
1589039337; 96; 32553; 140651176408832; 795; -1; IWANT
1589039337; 96; 32552; 140105582896896; 795; 96; IAMIN
1589039337; 97; 32553; 140651176408832; 487; -1; IWANT
1589039337; 97; 32552; 140106153305856; 487; 97; IAMIN
1589039337; 98; 32553; 140651176408832; 553; -1; IWANT
1589039337; 98; 32552; 140105566111488; 553; 98; IAMIN
1589039337; 99; 32553; 140651176408832; 316; -1; IWANT
1589039337; 99; 32552; 140106728691456; 316; 99; IAMIN
1589039337; 100; 32553; 140651176408832; 414; -1; IWANT
1589039337; 100; 32552; 140105591289600; 414; 100; IAMIN
1589039337; 101; 32553; 140651176408832; 896; -1; IWANT
1589039337; 101; 32552; 140106178483968; 896; 101; IAMIN
1589039337; 102; 32553; 140651176408832; 626; -1; IWANT
1589039337; 102; 32552; 140105574504192; 626; 102; IAMIN
1589039337; 103; 32553; 140651176408832; 644; -1; IWANT
1589039337; 103; 32552; 140106678335232; 644; 103; IAMIN
1589039337; 104; 32553; 140651176408832; 676; -1; IWANT
1589039337; 104; 32552; 140106186876672; 676; 104; IAMIN
1589039337; 105; 32553; 140651176408832; 377; -1; IWANT
1589039337; 105; 32552; 140106711906048; 377; 105; IAMIN
1589039337; 106; 32553; 140651176408832; 336; -1; IWANT
1589039337; 106; 32552; 140106720298752; 336; 106; IAMIN
1589039337; 107; 32553; 140651176408832; 856; -1; IWANT
1589039337; 107; 32552; 140106728691456; 856; 107; IAMIN
1589039337; 108; 32553; 140651176408832; 426; -1; IWANT
1589039337; 108; 32552; 140106195269376; 426; 108; IAMIN
1589039338; 109; 32553; 140651176408832; 462; -1; IWANT
1589039338; 109; 32552; 140106153305856; 462; 109; IAMIN
1589039338; 110; 32553; 140651176408832; 344; -1; IWANT
1589039338; 110; 32552; 140105591289600; 344; 110; IAMIN
1589039338; 111; 32553; 140651176408832; 738; -1; IWANT
1589039338; 111; 32552; 140106703513344; 738; 111; IAMIN
1589039338; 112; 32553; 140651176408832; 386; -1; IWANT
1589039338; 112; 32552; 140105566111488; 386; 112; IAMIN
1589039338; 113; 32553; 140651176408832; 811; -1; IWANT
1589039338; 113; 32552; 140106144913152; 811; 113; IAMIN
1589039338; 114; 32553; 140651176408832; 530; -1; IWANT
1589039338; 114; 32552; 140106720298752; 530; 114; IAMIN
1589039338; 115; 32553; 140651176408832; 392; -1; IWANT
1589039338; 115; 32552; 140106737084160; 392; 115; IAMIN
1589039338; 116; 32553; 140651176408832; 939; -1; IWANT
1589039338; 116; 32552; 140105574504192; 939; 116; IAMIN
1589039338; 117; 32553; 140651176408832; 492; -1; IWANT
1589039338; 117; 32552; 140105582896896; 492; 117; IAMIN
1589039338; 118; 32553; 140651176408832; 561; -1; IWANT
1589039338; 118; 32552; 140105591289600; 561; 118; IAMIN
1589039338; 119; 32553; 140651176408832; 879; -1; IWANT
1589039338; 119; 32552; 140106195269376; 879; 119; IAMIN
1589039338; 120; 32553; 140651176408832; 784; -1; IWANT
1589039338; 120; 32552; 140106153305856; 784; 120; IAMIN
1589039338; 121; 32553; 140651176408832; 835; -1; IWANT
1589039338; 121; 32552; 140105566111488; 835; 121; IAMIN
1589039338; 122; 32553; 140651176408832; 380; -1; IWANT
1589039338; 122; 32552; 140106178483968; 380; 122; IAMIN
1589039338; 123; 32553; 140651176408832; 969; -1; IWANT
1589039338; 123; 32552; 140106186876672; 969; 123; IAMIN
1589039338; 124; 32553; 140651176408832; 740; -1; IWANT
1589039338; 124; 32552; 140106737084160; 740; 124; IAMIN
1589039338; 125; 32553; 140651176408832; 921; -1; IWANT
1589039338; 125; 32552; 140106678335232; 921; 125; IAMIN
1589039338; 126; 32553; 140651176408832; 904; -1; IWANT
1589039338; 126; 32552; 140106720298752; 904; 126; IAMIN
1589039338; 127; 32553; 140651176408832; 728; -1; IWANT
1589039338; 127; 32552; 140106728691456; 728; 127; IAMIN
1589039338; 128; 32553; 140651176408832; 238; -1; IWANT
1589039338; 128; 32552; 140106703513344; 238; 128; IAMIN
1589039338; 129; 32553; 140651176408832; 734; -1; IWANT
1589039338; 129; 32552; 140105582896896; 734; 129; IAMIN
1589039338; 130; 32553; 140651176408832; 371; -1; IWANT
1589039338; 130; 32552; 140106711906048; 371; 130; IAMIN
1589039338; 131; 32553; 140651176408832; 665; -1; IWANT
1589039338; 131; 32552; 140105591289600; 665; 131; IAMIN
1589039339; 132; 32553; 140651176408832; 567; -1; IWANT
1589039339; 132; 32552; 140106144913152; 567; 132; IAMIN
1589039339; 133; 32553; 140651176408832; 580; -1; IWANT
1589039339; 133; 32552; 140106178483968; 580; 133; IAMIN
1589039339; 134; 32553; 140651176408832; 447; -1; IWANT
1589039339; 134; 32552; 140106703513344; 447; 134; IAMIN
1589039339; 135; 32553; 140651176408832; 871; -1; IWANT
1589039339; 135; 32552; 140106695120640; 871; 135; IAMIN
1589039339; 136; 32553; 140651176408832; 868; -1; IWANT
1589039339; 136; 32552; 140106686727936; 868; 136; IAMIN
1589039339; 137; 32553; 140651176408832; 856; -1; IWANT
1589039339; 137; 32552; 140105574504192; 856; 137; IAMIN
1589039339; 138; 32553; 140651176408832; 301; -1; IWANT
1589039339; 138; 32552; 140106711906048; 301; 138; IAMIN
1589039339; 139; 32553; 140651176408832; 206; -1; IWANT
1589039339; 139; 32552; 140106195269376; 206; 139; IAMIN
1589039339; 140; 32553; 140651176408832; 961; -1; IWANT
1589039339; 140; 32552; 140105566111488; 961; 140; IAMIN
1589039339; 141; 32553; 140651176408832; 277; -1; IWANT
1589039339; 141; 32552; 140106737084160; 277; 141; IAMIN
1589039339; 142; 32553; 140651176408832; 491; -1; IWANT
1589039339; 142; 32552; 140106153305856; 491; 142; IAMIN
1589039339; 143; 32553; 140651176408832; 411; -1; IWANT
1589039339; 143; 32552; 140106728691456; 411; 143; IAMIN
1589039339; 144; 32553; 140651176408832; 249; -1; IWANT
1589039339; 144; 32552; 140106703513344; 249; 144; IAMIN
1589039339; 145; 32553; 140651176408832; 802; -1; IWANT
1589039339; 145; 32552; 140105582896896; 802; 145; IAMIN
1589039339; 146; 32553; 140651176408832; 424; -1; IWANT
1589039339; 146; 32552; 140106720298752; 424; 146; IAMIN
1589039339; 147; 32553; 140651176408832; 883; -1; IWANT
1589039339; 147; 32552; 140106178483968; 883; 147; IAMIN
1589039339; 148; 32553; 140651176408832; 777; -1; IWANT
1589039339; 148; 32552; 140106737084160; 777; 148; IAMIN
1589039339; 149; 32553; 140651176408832; 624; -1; IWANT
1589039339; 149; 32552; 140105591289600; 624; 149; IAMIN
1589039339; 150; 32553; 140651176408832; 723; -1; IWANT
1589039339; 150; 32552; 140106703513344; 723; 150; IAMIN
1589039339; 151; 32553; 140651176408832; 512; -1; IWANT
1589039339; 151; 32552; 140106678335232; 512; 151; IAMIN
1589039339; 152; 32553; 140651176408832; 553; -1; IWANT
1589039339; 152; 32552; 140106711906048; 553; 152; IAMIN
1589039339; 153; 32553; 140651176408832; 991; -1; IWANT
1589039339; 153; 32552; 140106153305856; 991; 153; IAMIN
1589039340; 154; 32553; 140651176408832; 898; -1; IWANT
1589039340; 154; 32552; 140106728691456; 898; 154; IAMIN
1589039340; 155; 32553; 140651176408832; 847; -1; IWANT
1589039340; 155; 32552; 140106695120640; 847; 155; IAMIN
1589039340; 156; 32553; 140651176408832; 476; -1; IWANT
1589039340; 156; 32552; 140106720298752; 476; 156; IAMIN
1589039340; 157; 32553; 140651176408832; 980; -1; IWANT
1589039340; 157; 32552; 140105574504192; 980; 157; IAMIN
1589039340; 158; 32553; 140651176408832; 283; -1; IWANT
1589039340; 158; 32552; 140106686727936; 283; 158; IAMIN
1589039340; 159; 32553; 140651176408832; 201; -1; IWANT
1589039340; 159; 32552; 140106195269376; 201; 159; IAMIN
1589039340; 160; 32553; 140651176408832; 241; -1; IWANT
1589039340; 160; 32552; 140106186876672; 241; 160; IAMIN
1589039340; 161; 32553; 140651176408832; 905; -1; IWANT
1589039340; 161; 32552; 140106170091264; 905; 161; IAMIN
1589039340; 162; 32553; 140651176408832; 271; -1; IWANT
1589039340; 162; 32552; 140105566111488; 271; 162; IAMIN
1589039340; 163; 32553; 140651176408832; 608; -1; IWANT
1589039340; 163; 32552; 140105591289600; 608; 163; IAMIN
1589039340; 164; 32553; 140651176408832; 251; -1; IWANT
1589039340; 164; 32552; 140106195269376; 251; 164; IAMIN
1589039340; 165; 32553; 140651176408832; 329; -1; IWANT
1589039340; 165; 32552; 140106711906048; 329; 165; IAMIN
1589039340; 166; 32553; 140651176408832; 880; -1; IWANT
1589039340; 166; 32552; 140106186876672; 880; 166; IAMIN
1589039340; 167; 32553; 140651176408832; 717; -1; IWANT
1589039340; 167; 32552; 140106178483968; 717; 167; IAMIN
1589039340; 168; 32553; 140651176408832; 361; -1; IWANT
1589039340; 168; 32552; 140106720298752; 361; 168; IAMIN
1589039340; 169; 32553; 140651176408832; 440; -1; IWANT
1589039340; 169; 32552; 140105566111488; 440; 169; IAMIN
1589039340; 170; 32553; 140651176408832; 609; -1; IWANT
1589039340; 170; 32552; 140106195269376; 609; 170; IAMIN
1589039340; 171; 32553; 140651176408832; 374; -1; IWANT
1589039340; 171; 32552; 140106703513344; 374; 171; IAMIN
1589039340; 172; 32553; 140651176408832; 565; -1; IWANT
1589039340; 172; 32552; 140106737084160; 565; 172; IAMIN
1589039340; 173; 32553; 140651176408832; 558; -1; IWANT
1589039340; 173; 32552; 140106711906048; 558; 173; IAMIN
1589039340; 174; 32553; 140651176408832; 898; -1; IWANT
1589039340; 174; 32552; 140106728691456; 898; 174; IAMIN
1589039340; 175; 32553; 140651176408832; 684; -1; IWANT
1589039340; 175; 32552; 140106695120640; 684; 175; IAMIN
1589039341; 176; 32553; 140651176408832; 363; -1; IWANT
1589039341; 176; 32552; 140106720298752; 363; 176; IAMIN
1589039341; 177; 32553; 140651176408832; 756; -1; IWANT
1589039341; 177; 32552; 140105591289600; 756; 177; IAMIN
1589039341; 178; 32553; 140651176408832; 729; -1; IWANT
1589039341; 178; 32552; 140106153305856; 729; 178; IAMIN
1589039341; 179; 32553; 140651176408832; 986; -1; IWANT
1589039341; 179; 32552; 140106703513344; 986; 179; IAMIN
1589039341; 180; 32553; 140651176408832; 301; -1; IWANT
1589039341; 180; 32552; 140105574504192; 301; 180; IAMIN
1589039341; 181; 32553; 140651176408832; 459; -1; IWANT
1589039341; 181; 32552; 140105566111488; 459; 181; IAMIN
1589039341; 182; 32553; 140651176408832; 756; -1; IWANT
1589039341; 182; 32552; 140106170091264; 756; 182; IAMIN
1589039341; 183; 32553; 140651176408832; 768; -1; IWANT
1589039341; 183; 32552; 140106178483968; 768; 183; IAMIN
1589039341; 184; 32553; 140651176408832; 589; -1; IWANT
1589039341; 184; 32552; 140106195269376; 589; 184; IAMIN
1589039341; 185; 32553; 140651176408832; 881; -1; IWANT
1589039341; 185; 32552; 140106737084160; 881; 185; IAMIN
1589039341; 186; 32553; 140651176408832; 200; -1; IWANT
1589039341; 186; 32552; 140106186876672; 200; 186; IAMIN
1589039341; 187; 32553; 140651176408832; 437; -1; IWANT
1589039341; 187; 32552; 140105574504192; 437; 187; IAMIN
1589039341; 188; 32553; 140651176408832; 762; -1; IWANT
1589039341; 188; 32552; 140106711906048; 762; 188; IAMIN
1589039341; 189; 32553; 140651176408832; 917; -1; IWANT
1589039341; 189; 32552; 140106720298752; 917; 189; IAMIN
1589039341; 190; 32553; 140651176408832; 354; -1; IWANT
1589039341; 190; 32552; 140106686727936; 354; 190; IAMIN
1589039341; 191; 32553; 140651176408832; 951; -1; IWANT
1589039341; 191; 32552; 140106186876672; 951; 191; IAMIN
1589039341; 192; 32553; 140651176408832; 895; -1; IWANT
1589039341; 192; 32552; 140105566111488; 895; 192; IAMIN
1589039341; 193; 32553; 140651176408832; 303; -1; IWANT
1589039341; 193; 32552; 140106695120640; 303; 193; IAMIN
1589039341; 194; 32553; 140651176408832; 328; -1; IWANT
1589039341; 194; 32552; 140106728691456; 328; 194; IAMIN
1589039341; 195; 32553; 140651176408832; 310; -1; IWANT
1589039341; 195; 32552; 140106153305856; 310; 195; IAMIN
1589039341; 196; 32553; 140651176408832; 757; -1; IWANT
1589039341; 196; 32552; 140105591289600; 757; 196; IAMIN
1589039341; 197; 32553; 140651176408832; 763; -1; IWANT
1589039341; 197; 32552; 140106195269376; 763; 197; IAMIN
1589039342; 198; 32553; 140651176408832; 898; -1; IWANT
1589039342; 198; 32552; 140106686727936; 898; 198; IAMIN
1589039342; 199; 32553; 140651176408832; 784; -1; IWANT
1589039342; 199; 32552; 140106170091264; 784; 199; IAMIN
1589039342; 200; 32553; 140651176408832; 444; -1; IWANT
1589039342; 200; 32552; 140106178483968; 444; 200; IAMIN
1589039342; 201; 32553; 140651176408832; 839; -1; IWANT
1589039342; 201; 32552; 140106703513344; 839; 201; IAMIN
1589039342; 202; 32553; 140651176408832; 625; -1; IWANT
1589039342; 202; 32552; 140106153305856; 625; 202; IAMIN
1589039342; 203; 32553; 140651176408832; 362; -1; IWANT
1589039342; 203; 32552; 140106728691456; 362; 203; IAMIN
1589039342; 204; 32553; 140651176408832; 871; -1; IWANT
1589039342; 204; 32552; 140106695120640; 871; 204; IAMIN
1589039342; 205; 32553; 140651176408832; 400; -1; IWANT
1589039342; 205; 32552; 140106711906048; 400; 205; IAMIN
1589039342; 206; 32553; 140651176408832; 937; -1; IWANT
1589039342; 206; 32552; 140106737084160; 937; 206; IAMIN
1589039342; 207; 32553; 140651176408832; 447; -1; IWANT
1589039342; 207; 32552; 140105574504192; 447; 207; IAMIN
1589039342; 208; 32553; 140651176408832; 763; -1; IWANT
1589039342; 208; 32552; 140106678335232; 763; 208; IAMIN
1589039342; 209; 32553; 140651176408832; 362; -1; IWANT
1589039342; 209; 32552; 140106161698560; 362; 209; IAMIN
1589039342; 210; 32553; 140651176408832; 992; -1; IWANT
1589039342; 210; 32552; 140106720298752; 992; 210; IAMIN
1589039342; 211; 32553; 140651176408832; 673; -1; IWANT
1589039342; 211; 32552; 140106178483968; 673; 211; IAMIN
1589039342; 212; 32553; 140651176408832; 393; -1; IWANT
1589039342; 212; 32552; 140106186876672; 393; 212; IAMIN
1589039342; 213; 32553; 140651176408832; 616; -1; IWANT
1589039342; 213; 32552; 140105591289600; 616; 213; IAMIN
1589039342; 214; 32553; 140651176408832; 768; -1; IWANT
1589039342; 214; 32552; 140105566111488; 768; 214; IAMIN
1589039342; 215; 32553; 140651176408832; 932; -1; IWANT
1589039342; 215; 32552; 140106711906048; 932; 215; IAMIN
1589039342; 216; 32553; 140651176408832; 769; -1; IWANT
1589039342; 216; 32552; 140106195269376; 769; 216; IAMIN
1589039342; 217; 32553; 140651176408832; 808; -1; IWANT
1589039342; 217; 32552; 140106170091264; 808; 217; IAMIN
1589039342; 218; 32553; 140651176408832; 399; -1; IWANT
1589039342; 218; 32552; 140106161698560; 399; 218; IAMIN
1589039342; 219; 32553; 140651176408832; 935; -1; IWANT
1589039342; 219; 32552; 140106686727936; 935; 219; IAMIN
1589039342; 220; 32553; 140651176408832; 506; -1; IWANT
1589039342; 220; 32552; 140106703513344; 506; 220; IAMIN
1589039343; 221; 32553; 140651176408832; 551; -1; IWANT
1589039343; 221; 32552; 140106186876672; 551; 221; IAMIN
1589039343; 222; 32553; 140651176408832; 391; -1; IWANT
1589039343; 222; 32552; 140105574504192; 391; 222; IAMIN
1589039343; 223; 32553; 140651176408832; 628; -1; IWANT
1589039343; 223; 32552; 140106153305856; 628; 223; IAMIN
1589039343; 224; 32553; 140651176408832; 349; -1; IWANT
1589039343; 224; 32552; 140106695120640; 349; 224; IAMIN
1589039343; 225; 32553; 140651176408832; 750; -1; IWANT
1589039343; 225; 32552; 140106728691456; 750; 225; IAMIN
1589039343; 226; 32553; 140651176408832; 614; -1; IWANT
1589039343; 226; 32552; 140106678335232; 614; 226; IAMIN
1589039343; 227; 32553; 140651176408832; 795; -1; IWANT
1589039343; 227; 32552; 140106178483968; 795; 227; IAMIN
1589039343; 228; 32553; 140651176408832; 660; -1; IWANT
1589039343; 228; 32552; 140106161698560; 660; 228; IAMIN
1589039343; 229; 32553; 140651176408832; 804; -1; IWANT
1589039343; 229; 32552; 140106737084160; 804; 229; IAMIN
1589039343; 230; 32553; 140651176408832; 515; -1; IWANT
1589039343; 230; 32552; 140105591289600; 515; 230; IAMIN
1589039343; 231; 32553; 140651176408832; 344; -1; IWANT
1589039343; 231; 32552; 140105574504192; 344; 231; IAMIN
1589039343; 232; 32553; 140651176408832; 859; -1; IWANT
1589039343; 232; 32552; 140106695120640; 859; 232; IAMIN
1589039343; 233; 32553; 140651176408832; 384; -1; IWANT
1589039343; 233; 32552; 140106720298752; 384; 233; IAMIN
1589039343; 234; 32553; 140651176408832; 827; -1; IWANT
1589039343; 234; 32552; 140106186876672; 827; 234; IAMIN
1589039343; 235; 32553; 140651176408832; 232; -1; IWANT
1589039343; 235; 32552; 140106195269376; 232; 235; IAMIN
1589039343; 236; 32553; 140651176408832; 806; -1; IWANT
1589039343; 236; 32552; 140106711906048; 806; 236; IAMIN
1589039343; 237; 32553; 140651176408832; 928; -1; IWANT
1589039343; 237; 32552; 140106170091264; 928; 237; IAMIN
1589039343; 238; 32553; 140651176408832; 734; -1; IWANT
1589039343; 238; 32552; 140106153305856; 734; 238; IAMIN
1589039343; 239; 32553; 140651176408832; 857; -1; IWANT
1589039343; 239; 32552; 140106703513344; 857; 239; IAMIN
1589039343; 240; 32553; 140651176408832; 699; -1; IWANT
1589039343; 240; 32552; 140106678335232; 699; 240; IAMIN
1589039343; 241; 32553; 140651176408832; 928; -1; IWANT
1589039343; 241; 32552; 140106195269376; 928; 241; IAMIN
1589039343; 242; 32553; 140651176408832; 831; -1; IWANT
1589039343; 242; 32552; 140106728691456; 831; 242; IAMIN
1589039344; 243; 32553; 140651176408832; 826; -1; IWANT
1589039344; 243; 32552; 140106161698560; 826; 243; IAMIN
1589039344; 244; 32553; 140651176408832; 487; -1; IWANT
1589039344; 244; 32552; 140106720298752; 487; 244; IAMIN
1589039344; 245; 32553; 140651176408832; 623; -1; IWANT
1589039344; 245; 32552; 140106178483968; 623; 245; IAMIN
1589039344; 246; 32553; 140651176408832; 718; -1; IWANT
1589039344; 246; 32552; 140105591289600; 718; 246; IAMIN
1589039344; 247; 32553; 140651176408832; 792; -1; IWANT
1589039344; 247; 32552; 140106686727936; 792; 247; IAMIN
1589039344; 248; 32553; 140651176408832; 623; -1; IWANT
1589039344; 248; 32552; 140106737084160; 623; 248; IAMIN
1589039344; 249; 32553; 140651176408832; 539; -1; IWANT
1589039344; 249; 32552; 140106144913152; 539; 249; IAMIN
1589039344; 250; 32553; 140651176408832; 647; -1; IWANT
1589039344; 250; 32552; 140105582896896; 647; 250; IAMIN
1589039344; 251; 32553; 140651176408832; 487; -1; IWANT
1589039344; 251; 32552; 140105574504192; 487; 251; IAMIN
1589039344; 252; 32553; 140651176408832; 858; -1; IWANT
1589039344; 252; 32552; 140106695120640; 858; 252; IAMIN
1589039344; 253; 32553; 140651176408832; 803; -1; IWANT
1589039344; 253; 32552; 140106186876672; 803; 253; IAMIN
1589039344; 254; 32553; 140651176408832; 773; -1; IWANT
1589039344; 254; 32552; 140105566111488; 773; 254; IAMIN
1589039344; 255; 32553; 140651176408832; 379; -1; IWANT
1589039344; 255; 32552; 140106720298752; 379; 255; IAMIN
1589039344; 256; 32553; 140651176408832; 268; -1; IWANT
1589039344; 256; 32552; 140106678335232; 268; 256; IAMIN
1589039344; 257; 32553; 140651176408832; 842; -1; IWANT
1589039344; 257; 32552; 140106153305856; 842; 257; IAMIN
1589039344; 258; 32553; 140651176408832; 384; -1; IWANT
1589039344; 258; 32552; 140106170091264; 384; 258; IAMIN
1589039344; 259; 32553; 140651176408832; 294; -1; IWANT
1589039344; 259; 32552; 140106178483968; 294; 259; IAMIN
1589039344; 260; 32553; 140651176408832; 650; -1; IWANT
1589039344; 260; 32552; 140106703513344; 650; 260; IAMIN
1589039344; 261; 32553; 140651176408832; 378; -1; IWANT
1589039344; 261; 32552; 140106144913152; 378; 261; IAMIN
1589039344; 262; 32553; 140651176408832; 388; -1; IWANT
1589039344; 262; 32552; 140105591289600; 388; 262; IAMIN
1589039344; 263; 32553; 140651176408832; 649; -1; IWANT
1589039344; 263; 32552; 140106678335232; 649; 263; IAMIN
1589039344; 264; 32553; 140651176408832; 946; -1; IWANT
1589039344; 264; 32552; 140105582896896; 946; 264; IAMIN
1589039345; 265; 32553; 140651176408832; 966; -1; IWANT
1589039345; 265; 32552; 140106686727936; 966; 265; IAMIN
1589039345; 266; 32553; 140651176408832; 815; -1; IWANT
1589039345; 266; 32552; 140106178483968; 815; 266; IAMIN
1589039345; 267; 32553; 140651176408832; 399; -1; IWANT
1589039345; 267; 32552; 140106170091264; 399; 267; IAMIN
1589039345; 268; 32553; 140651176408832; 221; -1; IWANT
1589039345; 268; 32552; 140106720298752; 221; 268; IAMIN
1589039345; 269; 32553; 140651176408832; 618; -1; IWANT
1589039345; 269; 32552; 140106195269376; 618; 269; IAMIN
1589039345; 270; 32553; 140651176408832; 215; -1; IWANT
1589039345; 270; 32552; 140106144913152; 215; 270; IAMIN
1589039345; 271; 32553; 140651176408832; 971; -1; IWANT
1589039345; 271; 32552; 140105566111488; 971; 271; IAMIN
1589039345; 272; 32553; 140651176408832; 458; -1; IWANT
1589039345; 272; 32552; 140106186876672; 458; 272; IAMIN
1589039345; 273; 32553; 140651176408832; 886; -1; IWANT
1589039345; 273; 32552; 140105591289600; 886; 273; IAMIN
1589039345; 274; 32553; 140651176408832; 834; -1; IWANT
1589039345; 274; 32552; 140106720298752; 834; 274; IAMIN
1589039345; 275; 32553; 140651176408832; 217; -1; IWANT
1589039345; 275; 32552; 140106144913152; 217; 275; IAMIN
1589039345; 276; 32553; 140651176408832; 249; -1; IWANT
1589039345; 276; 32552; 140106170091264; 249; 276; IAMIN
1589039345; 277; 32553; 140651176408832; 909; -1; IWANT
1589039345; 277; 32552; 140106153305856; 909; 277; IAMIN
1589039345; 278; 32553; 140651176408832; 366; -1; IWANT
1589039345; 278; 32552; 140106678335232; 366; 278; IAMIN
1589039345; 279; 32553; 140651176408832; 952; -1; IWANT
1589039345; 279; 32552; 140106703513344; 952; 279; IAMIN
1589039345; 280; 32553; 140651176408832; 451; -1; IWANT
1589039345; 280; 32552; 140106144913152; 451; 280; IAMIN
1589039345; 281; 32553; 140651176408832; 258; -1; IWANT
1589039345; 281; 32552; 140106695120640; 258; 281; IAMIN
1589039345; 282; 32553; 140651176408832; 276; -1; IWANT
1589039345; 282; 32552; 140106170091264; 276; 282; IAMIN
1589039345; 283; 32553; 140651176408832; 292; -1; IWANT
1589039345; 283; 32552; 140106195269376; 292; 283; IAMIN
1589039345; 284; 32553; 140651176408832; 364; -1; IWANT
1589039345; 284; 32552; 140106186876672; 364; 284; IAMIN
1589039345; 285; 32553; 140651176408832; 444; -1; IWANT
1589039345; 285; 32552; 140106178483968; 444; 285; IAMIN
1589039345; 286; 32553; 140651176408832; 861; -1; IWANT
1589039345; 286; 32552; 140105582896896; 861; 286; IAMIN
1589039345; 287; 32553; 140651176408832; 366; -1; IWANT
1589039345; 287; 32552; 140106695120640; 366; 287; IAMIN
1589039346; 288; 32553; 140651176408832; 580; -1; IWANT
1589039346; 288; 32552; 140106686727936; 580; 288; IAMIN
1589039346; 289; 32553; 140651176408832; 665; -1; IWANT
1589039346; 289; 32552; 140106170091264; 665; 289; IAMIN
1589039346; 290; 32553; 140651176408832; 584; -1; IWANT
1589039346; 290; 32552; 140106144913152; 584; 290; IAMIN
1589039346; 291; 32553; 140651176408832; 955; -1; IWANT
1589039346; 291; 32552; 140106195269376; 955; 291; IAMIN
1589039346; 292; 32553; 140651176408832; 430; -1; IWANT
1589039346; 292; 32552; 140106186876672; 430; 292; IAMIN
1589039346; 293; 32553; 140651176408832; 774; -1; IWANT
1589039346; 293; 32552; 140105566111488; 774; 293; IAMIN
1589039346; 294; 32553; 140651176408832; 774; -1; IWANT
1589039346; 294; 32552; 140105591289600; 774; 294; IAMIN
1589039346; 295; 32553; 140651176408832; 262; -1; IWANT
1589039346; 295; 32552; 140106695120640; 262; 295; IAMIN
1589039346; 296; 32553; 140651176408832; 549; -1; IWANT
1589039346; 296; 32552; 140106178483968; 549; 296; IAMIN
1589039346; 297; 32553; 140651176408832; 644; -1; IWANT
1589039346; 297; 32552; 140106153305856; 644; 297; IAMIN
1589039346; 298; 32553; 140651176408832; 834; -1; IWANT
1589039346; 298; 32552; 140106720298752; 834; 298; IAMIN
1589039346; 299; 32553; 140651176408832; 274; -1; IWANT
1589039346; 299; 32552; 140106678335232; 274; 299; IAMIN
1589039346; 300; 32553; 140651176408832; 351; -1; IWANT
1589039346; 300; 32552; 140106703513344; 351; 300; IAMIN
1589039346; 301; 32553; 140651176408832; 729; -1; IWANT
1589039346; 301; 32552; 140106695120640; 729; 301; IAMIN
1589039346; 302; 32553; 140651176408832; 637; -1; IWANT
1589039346; 302; 32552; 140106186876672; 637; 302; IAMIN
1589039346; 303; 32553; 140651176408832; 235; -1; IWANT
1589039346; 303; 32552; 140106144913152; 235; 303; IAMIN
1589039346; 304; 32553; 140651176408832; 499; -1; IWANT
1589039346; 304; 32552; 140106170091264; 499; 304; IAMIN
1589039346; 305; 32553; 140651176408832; 688; -1; IWANT
1589039346; 305; 32552; 140106686727936; 688; 305; IAMIN
1589039346; 306; 32553; 140651176408832; 287; -1; IWANT
1589039346; 306; 32552; 140106678335232; 287; 306; IAMIN
1589039346; 307; 32553; 140651176408832; 868; -1; IWANT
1589039346; 307; 32552; 140105582896896; 868; 307; IAMIN
1589039346; 308; 32553; 140651176408832; 859; -1; IWANT
1589039346; 308; 32552; 140106703513344; 859; 308; IAMIN
1589039347; 309; 32553; 140651176408832; 466; -1; IWANT
1589039347; 309; 32552; 140106178483968; 466; 309; IAMIN
1589039347; 310; 32553; 140651176408832; 272; -1; IWANT
1589039347; 310; 32552; 140106144913152; 272; 310; IAMIN
1589039347; 311; 32553; 140651176408832; 563; -1; IWANT
1589039347; 311; 32552; 140105566111488; 563; 311; IAMIN
1589039347; 312; 32553; 140651176408832; 553; -1; IWANT
1589039347; 312; 32552; 140106153305856; 553; 312; IAMIN
1589039347; 313; 32553; 140651176408832; 950; -1; IWANT
1589039347; 313; 32552; 140106195269376; 950; 313; IAMIN
1589039347; 314; 32553; 140651176408832; 648; -1; IWANT
1589039347; 314; 32552; 140106678335232; 648; 314; IAMIN
1589039347; 315; 32553; 140651176408832; 737; -1; IWANT
1589039347; 315; 32552; 140106170091264; 737; 315; IAMIN
1589039347; 316; 32553; 140651176408832; 447; -1; IWANT
1589039347; 316; 32552; 140105591289600; 447; 316; IAMIN
1589039347; 317; 32553; 140651176408832; 364; -1; IWANT
1589039347; 317; 32552; 140106720298752; 364; 317; IAMIN
1589039347; 318; 32553; 140651176408832; 713; -1; IWANT
1589039347; 318; 32552; 140106695120640; 713; 318; IAMIN
1589039347; 319; 32553; 140651176408832; 807; -1; IWANT
1589039347; 319; 32552; 140106144913152; 807; 319; IAMIN
1589039347; 320; 32553; 140651176408832; 804; -1; IWANT
1589039347; 320; 32552; 140106686727936; 804; 320; IAMIN
1589039347; 321; 32553; 140651176408832; 895; -1; IWANT
1589039347; 321; 32552; 140106178483968; 895; -1; CLOSD
